50000 -0.144106465078631 3.05233261120624 0.150111612903226 0.0100777208603145 -0.0994679378542736 0.282587516016141 6.7 0.0062668641563558
120408.163265306 0.318799331177421 -1.43689611860021 0.071338 -0.0439377122225488 0.0779042157150948 0.304217013120606 -2.70353028406978 -0.028163113009319
190816.326530612 0.213987741935484 6.47294448421667 0.0287338709677419 -0.0764968346774193 -0.0817042436483935 0.26262242304837 9.02252298555195 -0.0694591234128574
261224.489795918 0.228911653225807 6.98220693091299 0.0219093548387097 -0.0826908064516129 -0.126882427857197 0.268172252571811 9.20043776202026 -0.0760574490496614
331632.653061224 0.237624778225807 7.10004448067366 0.0186003225806452 -0.0854067338709677 -0.134853010087847 0.268993262711933 9.26874653251747 -0.0785692189589305
402040.816326531 0.24187939516129 7.16333552421241 0.0166058064516129 -0.0866770766129032 -0.140155180006498 0.269565631057315 9.23440732247735 -0.0794661388212967
472448.979591837 0.245508306451613 7.18475213211912 0.0152351612903226 -0.0876779032258064 -0.139820184521441 0.269460683117568 9.21861241342054 -0.0803841284853083
542857.142857143 0.248208447580645 7.20597236336217 0.0142454838709677 -0.0883603225806451 -0.141760848021078 0.269672688274776 9.12785500048894 -0.0807965645416925
613265.306122449 0.250771875 7.22128974312716 0.0134887096774194 -0.0889883266129032 -0.142673421928645 0.269757332416198 9.10243627376487 -0.0812763128507639
683673.469387755 0.25335185483871 7.23373078234804 0.0128725806451613 -0.0896171975806452 -0.143505134857061 0.269838329511412 9.10278116676142 -0.081794645715858
754081.632653061 0.255699717741936 7.24890954329163 0.0123722580645161 -0.090177560483871 -0.14505304502939 0.270010326265366 9.12997612847915 -0.0822671783485901
824489.795918367 0.257864778225807 7.26527811578559 0.0119603225806452 -0.0907120967741935 -0.146473887948767 0.27016080948512 9.16173119026685 -0.082774726689544
894897.959183673 0.260068548387097 7.27795018637547 0.0116106451612903 -0.091207379032258 -0.148160416942499 0.270357437623008 9.18353755317123 -0.0832372823528425
965306.12244898 0.262189435483871 7.28945554855189 0.0113093548387097 -0.0916985483870968 -0.14980073966243 0.270550333103024 9.18695668709868 -0.083692665861123
1035714.28571429 0.264255483870968 7.30096091072831 0.0110403225806452 -0.0921445564516129 -0.151441062382361 0.270742620626804 9.21826236646246 -0.0841100490194907
1106122.44897959 0.266170625 7.31321712485399 0.0108009677419355 -0.0926089919354839 -0.152781044322586 0.270891085511923 9.28182383946751 -0.0845630335213501
1176530.6122449 0.267914637096774 7.32630505190809 0.0105864516129032 -0.0930020161290322 -0.155022048601929 0.27115964971477 9.32824482124669 -0.0848892209425496
1246938.7755102 0.269521653225807 7.33910418975093 0.0103941935483871 -0.0933876008064516 -0.156581510342708 0.271335234695452 9.35251788822887 -0.0852457611984925
1317346.93877551 0.271038790322581 7.35100230525466 0.0102216129032258 -0.0937339314516129 -0.158406658157842 0.271548987686293 9.35985002294285 -0.085542333013276
1387755.10204082 0.272425040322581 7.36229973919897 0.0100674193548387 -0.0940477016129032 -0.160174048130726 0.271755980305707 9.3619372330711 -0.0858101955154198
1458163.26530612 0.273806552419355 7.37146013297999 0.0099241935483871 -0.0943795766129032 -0.1614562722287 0.271902888887148 9.36132871571063 -0.0861030445885127
1528571.42857143 0.275153447580645 7.37869141482983 0.0097941935483871 -0.0946735887096774 -0.16253056809457 0.272027017930024 9.38517990296841 -0.0863926078620424
1598979.59183673 0.276448850806452 7.38483684924534 0.00967548387096774 -0.0949722379032258 -0.163258316906934 0.272107234085154 9.40766393500321 -0.0866842874361591
1669387.75510204 0.277632358870968 7.39179089345238 0.00956290322580645 -0.0952580040322581 -0.16411313297225 0.272202080028755 9.42219504762501 -0.0869625927307945
1739795.91836735 0.278788447580645 7.39782081218339 0.00945774193548387 -0.095489879032258 -0.165395357070225 0.272357307816626 9.43344305351045 -0.0871442512176839
1810204.08163265 0.279878004032258 7.40408176228341 0.00935935483870968 -0.095765625 -0.165938280787385 0.272411729923443 9.43947600392537 -0.0874154995579
1880612.24489796 0.280899798387097 7.41021564513047 0.0092641935483871 -0.0959883669354839 -0.166954818811004 0.272530359007935 9.44077226457155 -0.0875956345765769
1951020.40816327 0.281888407258065 7.41604918719783 0.00917645161290323 -0.0962151814516129 -0.167763428602519 0.272621671508345 9.43961479450775 -0.0877932213866945
2021428.57142857 0.282801370967742 7.4219751418128 0.00909322580645161 -0.0964414112903226 -0.168583589962485 0.272714114065506 9.43738163571505 -0.0879733150374987
2091836.73469388 0.28367495967742 7.4274043789844 0.00901516129032258 -0.0966061088709677 -0.169727195239057 0.272851481699218 9.4414866449552 -0.0880941987510121
2162244.89795918 0.28447560483871 7.43331878203091 0.00894064516129032 -0.0967901209677419 -0.170616666009723 0.272952959641952 9.44938538283424 -0.0882364855913962
2232653.06122449 0.285270564516129 7.43851698783351 0.00887 -0.0969790927419355 -0.171344414822087 0.273034754790819 9.45591514737398 -0.0883881214674284
2303061.2244898 0.286653266129032 7.43017675541246 0.00883838709677419 -0.0973558870967741 -0.168052217813775 0.27261752625082 9.47283160608067 -0.0889639634498843
2373469.3877551 0.286707560483871 7.44804703180494 0.00874193548387097 -0.0973188911290322 -0.172661293625411 0.273182089598536 9.4635324498073 -0.0886732682889144
2443877.55102041 0.287372822580645 7.45274852016418 0.00868258064516129 -0.0974694556451613 -0.173446800280026 0.273272863670463 9.4639798379347 -0.088782903026357
2514285.71428571 0.288029475806452 7.45679156912175 0.00862612903225807 -0.0976167540322581 -0.173978172428736 0.273331505355356 9.46225504320535 -0.0889123637807121
2584693.87755102 0.288631028225807 7.46103099474298 0.00857193548387097 -0.0977836693548387 -0.174313167913793 0.273363147537735 9.45763451614752 -0.0890670105941738
2655102.04081633 0.28925 7.46416146979299 0.00852064516129032 -0.0979075604838709 -0.175179535547559 0.273469419338863 9.45428995914325 -0.0891395559485238
2725510.20408163 0.289846653225807 7.46709556817935 0.00847225806451613 -0.0980191330645161 -0.176034351612875 0.273574675053449 9.45213531885139 -0.0891984771719695
2795918.36734694 0.290433608870968 7.46990259931275 0.00842451612903226 -0.0981689516129032 -0.175814871812321 0.273536434307523 9.45558665567682 -0.0893856182804444
2866326.53061224 0.291004092741936 7.472397738098 0.00837967741935484 -0.0982849193548387 -0.176646584740737 0.273639879852769 9.4610900439499 -0.0894436144781153
2936734.69387755 0.291563669354839 7.47453477826129 0.00833677419354839 -0.0984078427419355 -0.176958477088893 0.273674848313443 9.46482726432562 -0.089555953807063
3007142.85714286 0.292079072580645 7.47735336096314 0.0082941935483871 -0.0985518548387097 -0.177108647478745 0.273686007458651 9.46573902135325 -0.0896864822712888
3077551.02040816 0.292574778225807 7.47986005131684 0.00825258064516129 -0.0986562903225806 -0.17733967884775 0.273708956802812 9.46642971094285 -0.0897863304193273
3147959.18367347 0.293075141129032 7.48214726186998 0.00821258064516129 -0.0987713508064516 -0.177998118249413 0.273789710629797 9.46429891449507 -0.0898596609088624
3218367.34693878 0.293529233870968 7.48483877731888 0.0081758064516129 -0.0988927419354838 -0.177894154133361 0.273767265992746 9.4604815186357 -0.0899904460657487
3288775.51020408 0.294006995967742 7.48699892061908 0.00813741935483871 -0.0989808266129032 -0.178575696671923 0.273851438816176 9.45486108646784 -0.0900315781507992
3359183.67346939 0.294458346774194 7.48904354823476 0.00810193548387097 -0.0990788306451613 -0.17893379529388 0.273892743331164 9.44959171018982 -0.0901041749278142
3429591.83673469 0.29487752016129 7.49159644486226 0.00806645161290323 -0.099185 -0.179003104704581 0.27389385306884 9.44546015249756 -0.0902040695320411
3500000 0.295317701612903 7.49347935051965 0.00803193548387097 -0.099286814516129 -0.179349651758088 0.273934095680887 9.44736718781313 -0.0902858617293031
