50000 0.737845085363418 8.58461002660972 0.05327 -0.169766391273962 -1.28744677704784 0.399971492363327 -3.63869548721403 -0.0636390956473754
120408.163265306 1.18860705024186 6.47293240476117 0.026334 -0.271652831996538 -3.23194701086682e-05 0.250004993018324 7.15095440177315 -0.269818767689486
190816.326530612 1.18399187044187 6.72180885833668 0.0216558333333333 -0.270273873873874 -0.0401328545688467 0.255970543854289 7.54296379954404 -0.261669517049766
261224.489795918 1.17380661520392 6.79391277939849 0.0194225714285714 -0.267897977807656 -0.0537200507415635 0.25790708572304 7.61597978444831 -0.256876080068629
331632.653061224 1.16740487572875 6.73675389480202 0.0178644117647059 -0.266431178275545 -0.0405201941152974 0.256014795070154 7.22944548563508 -0.257551248697843
402040.816326531 1.16947348777349 6.59420592183936 0.0169075 -0.266829987129987 -0.00943499998545402 0.251430801539607 7.23048082535834 -0.263394135522337
472448.979591837 1.17264525954526 6.51285623849466 0.0161691666666667 -0.267450836550837 0.00784959553303562 0.248794753753869 7.22631969463321 -0.267107903423119
542857.142857143 1.17739849102805 6.45340402820085 0.015535 -0.268428492665694 0.0206187150678863 0.246804986178181 7.24996093513759 -0.270371035673028
613265.306122449 1.18242499593334 6.41681953012388 0.0150851428571429 -0.269479057421292 0.0288857642977216 0.245498429687462 7.2333540054317 -0.273061789069487
683673.469387755 1.18739577427444 6.38932170069247 0.0146329411764706 -0.270546853432928 0.0352802600488849 0.244478246408369 7.26205351040879 -0.275394947352566
754081.632653061 1.19243386958387 6.37637135007669 0.0142652777777778 -0.271594766194766 0.0382045603162539 0.244008416665414 7.26792488760241 -0.277131402135487
824489.795918367 1.19623017115067 6.37591130059196 0.0139261764705882 -0.272412541696543 0.038760879738715 0.243920731027874 7.29280192730215 -0.278040890153262
894897.959183673 1.19954268196066 6.40037434399656 0.013610303030303 -0.273108256691123 0.0341868172892967 0.244658622222407 7.30079058373254 -0.277813816539759
965306.12244898 1.2041457967433 6.37245302353305 0.0133845714285714 -0.274083954812232 0.0401844985832306 0.243694029844578 7.30756060097826 -0.280167570159052
1035714.28571429 1.20769438009438 6.37931356578142 0.0131452777777778 -0.274841677391677 0.0388977138908002 0.24390252360388 7.29770349580941 -0.28072450763098
1106122.44897959 1.21044028929605 6.39018576542643 0.0128876470588235 -0.275430241080038 0.0370935381301212 0.244195233207333 7.32321628594357 -0.280940102098152
1176530.6122449 1.2135716001716 6.38900296787668 0.0127472222222222 -0.276093522093522 0.0371574559802357 0.244184154215132 7.34755105071485 -0.281755839970377
1246938.7755102 1.21595935748515 6.39411498333362 0.0125652941176471 -0.27661279969331 0.0364292211156775 0.24430269533616 7.37754203029346 -0.28214076347496
1317346.93877551 1.21853824513454 6.41044828776715 0.0123577142857143 -0.277164891695333 0.0335161365455908 0.244771639198845 7.37443500988142 -0.282140146523047
1387755.10204082 1.22115693626691 6.40267611554413 0.0122485714285714 -0.277735946699721 0.0351551420625651 0.24450930494872 7.38556890048139 -0.283132878174125
1458163.26530612 1.22277639931375 6.41356442110302 0.0121547058823529 -0.278068839802702 0.0327672142433001 0.244890951101156 7.40998102709063 -0.282997629158728
1528571.42857143 1.22547988284987 6.41147926903715 0.0119808571428571 -0.278662585544616 0.0337010187943526 0.244743643801969 7.39687931634489 -0.28385751255197
1598979.59183673 1.22721228413802 6.42759590070352 0.0118194117647059 -0.279057976691803 0.0310733231807415 0.245165638341181 7.40453212039135 -0.2836856845156
1669387.75510204 1.22959588159588 6.42161436876428 0.0117433333333333 -0.279550064350064 0.0318961253904575 0.2450330051668 7.40788679087121 -0.284459470259029
1739795.91836735 1.23138161783332 6.42059611184122 0.0116155882352941 -0.279945443031173 0.0321305502470038 0.244995706054809 7.42732310928897 -0.284895580844086
1810204.08163265 1.23290335311121 6.42488790678888 0.0115379411764706 -0.280283982960596 0.0317933609321533 0.245051530642494 7.44249807649595 -0.285207815638498
1880612.24489796 1.23461451263874 6.42822347714625 0.0114282352941176 -0.280645783338116 0.0310680808324685 0.245166925832165 7.44924546580209 -0.285452217696228
1951020.40816327 1.2364681038181 6.43211859500834 0.0113461111111111 -0.28103712998713 0.0302627901057529 0.245295050976013 7.44407901348927 -0.285747231533367
2021428.57142857 1.23804523809524 6.43213334295674 0.0112605555555556 -0.281385671385671 0.0304840093316716 0.245260668940414 7.45111346765641 -0.286180817462582
2091836.73469388 1.23955512655513 6.43177939219526 0.0111797222222222 -0.281713728013728 0.0305540620865459 0.245249516467617 7.45381060969985 -0.286554545343975
2162244.89795918 1.24083347106758 6.43327496241343 0.0110545454545455 -0.281983621697259 0.030079930537606 0.245324320705496 7.46189490532649 -0.28669157841404
2232653.06122449 1.24231714653298 6.43095495466229 0.0110185714285714 -0.282318800556024 0.0309357641281338 0.245189553597214 7.4649521428978 -0.287305792777412
2303061.2244898 1.24329109207776 6.43624952348042 0.0109967647058824 -0.282523154491149 0.0299447142722898 0.24534749015509 7.4744759388183 -0.287320596314773
2373469.3877551 1.24452145858822 6.43505452367343 0.0108938235294118 -0.282797047715304 0.0302053206481394 0.245306128248483 7.48090363129154 -0.287674478913841
2443877.55102041 1.24605640404225 6.43792450230891 0.010796 -0.283130563811788 0.0297035129901363 0.245386166305696 7.4685824001146 -0.287924639854257
2514285.71428571 1.24744148622356 6.43196997978521 0.0107867647058824 -0.283432846921484 0.0310900535839301 0.24516632483024 7.46834630094037 -0.288530998631292
2584693.87755102 1.24844543114543 6.43671258093326 0.0106963888888889 -0.283643414843415 0.0301521804927931 0.24531559315199 7.47471703387346 -0.288608568357265
2655102.04081633 1.2494946519337 6.43621745726909 0.0106348571428571 -0.283886740331492 0.0305155422379069 0.245258777000544 7.484175725594 -0.288942333832958
2725510.20408163 1.250658000858 6.43788872981773 0.0105797222222222 -0.284138824538825 0.0301743024153854 0.245313012746612 7.48725325404094 -0.289148065762441
2795918.36734694 1.25165662353103 6.44108001887461 0.0104988571428571 -0.284361305958206 0.0296873566055889 0.245390934980066 7.49367481711612 -0.289256191518209
2866326.53061224 1.25241437200737 6.44095517458059 0.0104828571428571 -0.284530961325967 0.0299394189300957 0.24535171133495 7.50865514822462 -0.289508016645346
2936734.69387755 1.25369927069927 6.43993500765749 0.0104194444444444 -0.284805255255255 0.0300415708798338 0.245335112723325 7.50227973369456 -0.289829235411922
3007142.85714286 1.25392515201162 6.45325506894742 0.0103484848484848 -0.284877039489241 0.0279637003818866 0.245666729412813 7.51818874058213 -0.28942559213595
3077551.02040816 1.25531294506227 6.43980229120462 0.0103276470588235 -0.285156569497894 0.0301501222108211 0.245318160271473 7.52061931068313 -0.290218874676609
3147959.18367347 1.25653512852862 6.44009169966685 0.0102417647058824 -0.285426751301057 0.0301993304350441 0.245310729746813 7.51062213295712 -0.29050064770193
3218367.34693878 1.25737378370003 6.43944993291884 0.0102265714285714 -0.285609048651999 0.0304411571041746 0.24527270847335 7.51794295955471 -0.290763574396709
3288775.51020408 1.25829517374517 6.44111115654196 0.0101863888888889 -0.28580842985843 0.0301779894024843 0.245314785187051 7.51628720338183 -0.290931140433127
3359183.67346939 1.25910885885886 6.44200709440693 0.0101433333333333 -0.286003796653797 0.0302627901057526 0.245302273086283 7.51661725506536 -0.291147233237324
3429591.83673469 1.2596874327562 6.44522393389814 0.0101248571428571 -0.286122550969667 0.0296664497354555 0.245397142125749 7.52459460223364 -0.291156647916107
3500000 1.26040157842158 6.45478740349781 0.0100120588235294 -0.286285834165834 0.0278770774047841 0.245681178067975 7.51827104649776 -0.290901547749389
